2012-05-30 15:31:11.712:46 25 40 42 44 49 24 40 45 45 4 4 1 1 2 0 1 3 1 0 1 2 1 2 2 1 1 2 1 1 
2012-05-30 15:46:11.52:2 1 1 1 0 2 1 0 3 4 1 4 2 1 1 1 1 0 2 0 1 1 0 1 2 1 2 1 1 1 
2012-05-30 16:01:11.306:1 2 4 2 4 0 2 1 7 0 2 8 1 1 1 1 1 1 2 0 0 1 1 0 0 1 1 1 1 2 
2012-05-30 16:16:11.116:1 1 1 1 0 5 1 4 2 1 0 4 1 0 2 2 1 2 2 1 1 1 1 2 1 0 2 1 2 1 
2012-05-30 16:31:10.929:0 1 3 0 1 3 1 6 2 2 2 1 1 4 7 0 2 1 1 8 2 1 1 1 0 2 1 8 1 1 
2012-05-30 16:46:10.866:6 8 0 2 1 1 1 2 1 1 2 2 2 1 7 2 1 2 1 1 2 1 2 2 7 1 0 0 0 1 
2012-05-30 17:01:10.533:2 1 1 1 1 1 1 1 2 2 1 1 2 3 2 1 0 3 2 2 5 0 2 0 2 2 0 1 2 2 
2012-05-30 17:16:10.34:2 1 1 0 2 1 0 3 0 2 1 0 2 1 2 0 2 2 2 1 0 1 1 2 1 2 2 1 0 1 
2012-05-30 17:31:10.156:1 1 0 1 2 2 2 2 2 1 1 0 1 1 2 1 2 3 2 1 2 1 1 1 2 1 1 2 0 1 
2012-05-30 17:46:09.962:2 8 1 1 2 0 2 1 1 1 1 5 1 1 2 1 1 2 1 1 2 1 1 2 2 1 0 1 0 0 
2012-05-30 18:01:09.758:1 1 1 1 0 2 1 1 4 1 2 1 2 2 0 2 2 2 2 4 1 0 1 2 2 2 2 2 0 0 
2012-05-30 18:16:09.561:0 2 1 1 2 2 2 0 1 1 0 1 0 2 2 1 2 3 8 1 1 0 0 2 0 2 2 1 0 1 
2012-05-30 18:31:09.373:4 0 0 1 0 1 2 1 2 1 2 2 1 2 0 1 7 1 1 2 2 1 2 2 1 1 2 1 1 1 
2012-05-30 18:46:09.206:1 1 2 1 3 4 1 1 2 1 1 1 1 1 1 1 2 1 0 2 2 2 1 2 2 1 1 2 1 2 
2012-05-30 19:01:08.988:1 1 1 2 1 0 2 1 2 2 1 1 2 3 2 0 1 1 1 1 2 1 2 1 3 1 1 1 0 0 
2012-05-30 19:16:08.783:6 0 0 2 2 1 1 1 1 1 0 1 4 1 1 1 3 1 1 1 0 2 0 1 1 1 1 1 0 1 
2012-05-30 19:31:08.595:0 4 1 0 2 1 1 0 1 1 2 1 2 0 1 1 5 1 1 3 1 3 4 0 1 3 1 3 1 1 
2012-05-30 19:46:08.393:1 1 3 1 1 1 4 1 0 0 1 2 1 2 1 1 1 4 1 2 0 1 1 1 1 0 5 1 6 1 
2012-05-30 20:01:08.208:1 1 1 1 2 1 1 2 2 4 1 1 1 2 4 1 1 3 1 0 1 1 5 2 6 2 0 0 1 2 
2012-05-30 20:16:08.01:1 1 2 2 1 5 0 1 0 0 2 2 1 2 1 1 2 0 0 1 1 2 1 2 2 3 1 2 0 1 
2012-05-30 20:31:07.817:0 1 2 2 0 1 1 1 0 1 2 1 1 1 1 1 2 0 1 3 2 4 1 1 3 2 1 1 1 2 
2012-05-30 20:46:07.63:1 1 0 2 1 2 1 0 1 4 0 3 1 1 0 6 0 1 2 1 3 0 4 2 2 1 3 6 3 1 
2012-05-30 21:01:07.437:3 2 2 2 2 1 0 1 2 0 0 2 1 4 2 3 0 1 0 1 1 1 1 4 1 1 2 2 0 1 
2012-05-30 21:16:07.23:2 4 1 0 0 1 1 4 0 1 5 0 1 2 2 0 1 2 1 2 2 1 2 2 1 0 1 1 1 0 
2012-05-30 21:31:07.056:2 1 1 2 0 2 1 1 0 1 2 4 3 0 1 1 4 1 2 1 2 1 2 3 2 1 1 1 1 6 
2012-05-30 21:46:06.843:1 1 5 2 3 0 1 1 0 5 4 2 4 1 0 2 2 1 0 1 1 1 4 5 1 1 1 1 2 2 
2012-05-30 22:01:06.679:2 5 0 0 1 1 3 4 2 1 1 3 0 3 1 1 1 1 0 2 2 1 1 1 0 1 1 1 5 2 
2012-05-30 22:16:06.46:1 1 3 2 3 1 3 1 2 1 1 3 2 1 1 1 2 1 1 3 1 4 1 2 1 2 1 1 1 1 
2012-05-30 22:31:06.267:4 2 1 1 2 1 1 0 1 2 1 1 1 0 0 2 1 2 0 3 1 1 0 1 0 2 1 2 0 3 
2012-05-30 22:46:06.077:1 1 1 1 0 0 1 4 1 2 3 2 1 0 1 1 2 1 1 1 1 1 2 2 2 1 1 2 0 0 
2012-05-30 23:01:05.879:2 0 1 1 2 3 1 1 1 1 2 1 0 0 2 1 1 1 2 2 1 1 2 1 2 1 1 2 0 4 
2012-05-30 23:16:05.688:2 2 2 0 1 0 4 6 1 2 4 0 2 1 2 4 2 5 1 3 0 1 1 4 0 3 1 2 2 0 
2012-05-30 23:31:05.49:2 2 1 0 1 1 1 0 1 6 0 1 2 1 2 2 4 0 0 0 1 3 1 3 1 2 1 1 2 0 
2012-05-30 23:46:05.312:2 2 0 1 2 1 1 1 2 1 2 0 1 2 2 2 0 1 3 2 1 1 2 1 2 1 2 2 2 1 
2012-05-31 00:01:05.102:2 1 1 1 1 0 2 1 2 1 1 1 1 2 2 2 2 0 2 4 1 1 1 2 2 2 1 1 2 1 
2012-05-31 00:16:04.921:1 1 1 0 0 0 1 1 2 1 2 1 0 1 1 1 4 1 2 2 4 1 6 2 1 1 1 1 0 1 
2012-05-31 00:31:04.714:1 1 1 1 2 1 1 1 1 0 0 0 1 0 1 0 0 1 1 2 2 0 1 2 1 1 1 2 1 2 
2012-05-31 00:46:04.522:7 3 0 0 6 1 7 2 2 1 1 1 1 4 1 2 2 2 2 0 1 0 0 2 1 1 1 1 2 1 
2012-05-31 01:01:04.322:3 0 1 2 0 2 1 2 3 1 1 1 1 1 6 1 1 6 2 2 2 1 3 1 2 0 7 1 0 2 
2012-05-31 01:16:04.134:0 1 1 1 1 2 1 1 1 1 2 2 2 2 2 1 1 0 4 2 1 1 2 1 2 1 0 2 4 0 
2012-05-31 01:31:03.952:1 1 2 2 2 2 1 1 0 0 1 2 1 2 4 1 2 1 2 2 1 2 2 1 1 1 1 2 1 2 
2012-05-31 01:46:03.746:3 2 0 1 1 1 2 2 2 1 4 0 1 1 2 2 1 0 0 2 1 1 0 1 1 2 1 0 1 1 
2012-05-31 02:01:03.557:1 1 1 2 1 2 0 3 1 1 0 0 5 7 2 1 1 5 1 1 0 2 0 2 2 2 0 1 1 1 
2012-05-31 02:16:03.354:1 1 2 1 4 1 6 7 3 0 1 0 1 2 1 4 1 1 1 2 0 2 1 0 5 1 2 0 1 2 
2012-05-31 02:31:03.166:0 7 1 0 2 1 0 2 2 1 2 3 0 1 0 1 1 1 1 1 2 1 1 1 1 2 0 1 1 1 
2012-05-31 02:46:03.033:2 0 1 1 1 1 1 1 1 0 0 1 1 2 1 1 1 3 1 3 1 2 2 1 2 1 2 3 2 2 
2012-05-31 03:01:02.783:1 1 1 1 1 1 1 1 2 2 0 1 2 1 2 2 1 2 1 1 1 0 2 0 1 1 2 3 2 3 
2012-05-31 03:16:02.578:1 1 2 2 1 2 1 2 2 2 1 0 1 1 1 0 2 1 2 2 1 7 1 1 2 1 2 2 1 2 
2012-05-31 03:31:02.396:1 1 1 1 1 2 2 0 1 1 2 1 1 1 1 1 1 2 2 1 2 1 2 1 1 4 1 0 2 1 
2012-05-31 03:46:02.198:1 2 1 2 1 0 1 4 2 1 1 1 1 1 1 6 1 0 1 1 2 1 2 7 2 0 0 1 1 3 
2012-05-31 04:01:02.002:1 2 0 1 2 3 0 1 1 1 2 2 5 1 2 4 1 3 4 1 4 2 4 1 1 1 2 1 8 1 
2012-05-31 04:16:01.815:1 1 0 1 2 1 1 2 1 1 1 1 3 1 0 1 0 1 1 0 2 1 2 2 2 1 1 0 2 1 
2012-05-31 04:31:01.611:1 3 1 1 1 1 1 3 2 1 2 1 2 4 1 0 1 2 1 2 1 3 1 2 3 2 2 0 1 0 
2012-05-31 04:46:01.421:2 1 1 1 1 1 1 3 1 1 1 1 0 1 1 1 2 1 6 1 1 0 2 2 2 2 2 2 2 6 
2012-05-31 05:01:01.233:2 3 1 6 1 7 2 6 6 2 0 2 0 2 2 0 2 1 0 1 0 1 3 3 0 2 0 1 1 1 
2012-05-31 05:16:01.037:1 0 36 42 43 45 46 46 47 48 48 45 46 47 46 49 46 46 45 47 46 46 44 46 46 46 48 45 48 48 
2012-05-31 05:31:00.836:45 36 42 45 45 43 45 46 46 45 46 42 45 46 46 47 45 48 46 46 46 47 46 46 46 46 44 48 46 47 
2012-05-31 05:46:00.648:52 47 44 45 47 44 42 46 46 45 45 45 46 46 46 45 45 45 46 43 46 46 44 44 43 44 46 46 45 45 
2012-05-31 06:01:00.453:44 46 45 42 46 44 47 46 48 45 45 45 45 46 46 46 47 45 46 44 44 46 44 46 46 45 46 45 45 45 
2012-05-31 06:16:00.258:49 46 44 46 45 45 49 46 46 45 44 45 46 50 46 45 46 46 46 46 45 44 47 46 44 46 43 46 47 44 
2012-05-31 06:31:00.089:46 45 49 47 47 46 46 49 46 46 46 45 46 46 46 47 46 46 46 45 50 47 45 46 45 47 46 48 46 44 
2012-05-31 06:45:59.863:45 45 38 48 50 45 45 46 46 45 45 47 46 46 45 47 46 49 47 47 46 46 47 46 47 47 46 44 46 46 
2012-05-31 07:00:59.671:45 45 44 46 46 47 47 49 46 47 53 45 46 48 46 46 46 48 48 48 46 48 47 45 48 45 46 45 47 46 
2012-05-31 07:15:59.484:47 48 46 44 45 44 46 45 51 48 47 47 46 47 46 46 46 44 47 46 44 47 47 47 46 48 46 46 47 46 
2012-05-31 07:30:59.284:47 47 47 46 43 49 48 43 46 46 45 45 45 47 46 50 46 49 48 47 47 48 46 47 46 41 46 44 46 46 
2012-05-31 07:45:59.092:46 46 47 46 46 47 47 47 45 46 45 47 49 47 43 45 47 47 47 46 47 46 46 46 46 47 46 51 48 44 
2012-05-31 08:00:58.901:48 41 47 46 47 47 46 47 46 47 47 44 46 46 48 41 49 48 46 49 47 46 47 45 46 47 48 48 47 48 
2012-05-31 08:15:58.703:46 44 46 46 46 47 46 46 46 46 47 45 45 48 43 46 43 47 45 47 46 45 45 47 46 48 47 48 48 51 
2012-05-31 08:30:58.515:47 43 47 51 44 47 46 46 47 44 44 46 50 47 46 47 47 46 50 46 47 46 47 41 49 47 47 47 45 47 
2012-05-31 08:45:58.368:46 47 47 47 44 47 44 46 45 47 45 52 47 46 46 47 47 51 46 51 46 46 43 47 43 47 46 47 46 46 
2012-05-31 09:00:58.129:47 46 46 46 45 46 45 45 46 45 47 47 47 45 44 46 45 46 45 45 47 46 45 46 49 46 44 48 46 47 
2012-05-31 09:15:57.933:47 46 46 47 45 47 47 46 46 46 45 46 48 47 47 45 46 47 47 46 47 50 46 46 45 45 48 47 46 46 
2012-05-31 09:30:57.734:46 46 47 46 47 47 47 46 46 46 46 45 46 45 47 45 47 47 46 47 46 47 46 46 46 46 43 46 46 46 
2012-05-31 09:45:57.553:46 54 47 47 47 46 47 47 46 46 46 48 46 49 48 46 49 38 46 47 47 48 50 47 47 47 48 46 46 46 
2012-05-31 10:00:57.352:43 47 46 47 47 45 47 45 47 38 47 43 47 40 47 46 46 46 46 44 47 48 45 46 47 47 46 46 46 46 
2012-05-31 10:15:57.152:51 46 46 46 46 46 46 47 46 47 47 46 44 46 47 45 50 47 49 47 49 47 50 47 45 46 48 45 47 48 
2012-05-31 10:30:56.967:46 47 47 48 47 46 46 48 46 46 46 46 46 46 45 47 46 45 46 41 46 46 46 46 46 46 47 48 46 47 
2012-05-31 10:45:56.765:47 46 47 46 47 46 46 46 47 44 47 49 46 46 47 46 46 46 47 48 46 47 45 47 46 47 46 45 48 47 
2012-05-31 11:00:56.578:47 42 45 47 46 45 47 54 48 47 46 47 48 47 51 47 46 47 47 46 47 47 47 45 47 46 46 50 47 47 
2012-05-31 11:15:56.379:46 47 47 48 46 47 46 47 46 47 45 47 45 47 45 47 47 46 51 48 48 45 46 46 47 46 47 47 47 46 
2012-05-31 11:30:56.211:46 46 45 46 47 48 47 47 47 47 46 46 46 47 46 46 47 51 42 48 46 46 45 47 47 47 48 45 46 46 
2012-05-31 11:45:55.999:47 46 46 45 46 47 49 46 47 47 47 46 46 46 47 47 46 46 46 44 46 49 47 50 47 46 47 47 47 47 
2012-05-31 12:00:55.798:45 46 46 47 47 47 46 47 47 45 46 46 45 45 46 47 47 47 43 47 46 46 44 46 46 43 44 47 49 46 
2012-05-31 12:15:55.603:47 47 46 50 47 42 47 47 47 51 47 48 46 44 47 45 52 45 47 47 46 46 46 46 45 46 46 47 46 46 
2012-05-31 12:30:55.415:51 46 47 46 47 47 47 46 46 46 45 46 47 46 46 46 46 47 47 46 47 46 50 47 53 46 46 46 41 49 
2012-05-31 12:45:55.216:46 46 45 46 46 47 49 45 45 45 45 43 47 49 46 47 53 47 47 46 46 46 47 46 46 45 46 47 46 44 
2012-05-31 13:00:55.03:46 47 45 47 44 47 45 46 38 47 46 49 47 42 47 46 47 46 45 46 45 46 47 46 46 47 43 46 47 46 
2012-05-31 13:15:54.839:46 46 46 49 45 46 46 51 46 46 47 48 51 49 39 47 46 46 46 47 47 43 45 46 46 47 46 46 48 46 
2012-05-31 13:30:54.646:45 47 47 46 46 50 47 48 46 47 46 46 47 47 47 47 46 46 45 47 46 45 48 46 46 46 36 45 46 47 
2012-05-31 13:45:54.435:46 46 46 47 46 46 46 46 46 46 46 46 46 46 46 45 47 46 46 46 48 46 39 46 46 46 47 45 47 46 
2012-05-31 14:00:54.251:46 46 45 47 46 47 45 46 46 46 46 41 47 46 46 46 47 45 46 48 52 43 48 46 46 47 47 46 47 46 
2012-05-31 14:15:54.054:45 46 45 46 1 3 2 1 1 1 2 1 1 2 1 2 1 1 1 2 1 0 1 2 1 3 1 4 1 0 
2012-05-31 14:30:53.877:8 2 1 1 1 1 0 1 3 1 3 2 1 1 1 0 1 2 2 1 1 1 2 1 0 1 6 2 0 1 
2012-05-31 14:45:53.668:1 1 1 0 0 1 2 1 1 1 1 1 2 1 1 1 1 1 1 0 1 2 3 2 0 1 37 42 43 44 
2012-05-31 15:00:53.48:44 42 46 47 45 46 45 47 46 45 45 46 46 45 45 45 47 46 49 47 46 45 46 45 46 46 43 45 45 44 
2012-05-31 15:15:53.277:47 45 46 50 40 46 41 46 41 44 45 47 45 46 52 44 44 43 46 45 46 45 45 46 45 43 46 46 49 46 
2012-05-31 15:30:53.086:46 47 46 46 43 45 42 43 45 46 45 44 46 45 46 46 45 45 46 44 46 46 42 46 44 46 48 46 48 45 
2012-05-31 15:45:52.889:45 44 45 45 46 45 46 45 46 44 45 44 44 48 45 46 44 47 48 45 44 48 48 47 45 48 45 44 45 45 
2012-05-31 16:00:52.703:47 45 50 45 45 44 45 46 46 49 51 46 45 49 45 46 46 46 46 45 46 46 46 46 46 46 45 45 45 44 
2012-05-31 16:15:52.526:46 45 46 46 45 45 45 45 46 46 46 46 46 46 45 46 46 45 45 44 46 46 46 45 45 41 45 46 46 46 
2012-05-31 16:30:52.33:45 45 47 40 46 44 46 45 45 43 46 47 46 44 45 45 46 46 45 45 45 46 45 45 45 48 46 45 46 46 
2012-05-31 16:45:52.119:46 45 45 45 46 44 44 46 45 45 46 44 45 46 45 48 45 46 46 45 46 47 46 46 44 46 44 46 46 48 
2012-05-31 17:00:51.919:45 45 46 45 45 46 46 46 46 46 47 46 46 46 46 45 47 46 46 45 46 44 45 46 45 45 45 46 47 46 
2012-05-31 17:15:51.731:46 46 46 45 45 45 45 45 46 46 45 45 46 45 48 48 45 46 46 46 45 46 47 43 48 45 45 45 45 46 
2012-05-31 17:30:51.539:43 46 48 46 46 44 46 45 48 47 46 43 47 45 45 45 44 44 45 45 45 47 46 46 45 45 46 45 46 45 
2012-05-31 17:45:51.344:45 45 46 45 46 46 46 45 46 45 44 45 45 46 46 45 46 46 45 46 45 45 46 45 45 48 45 45 45 45 
2012-05-31 18:00:51.152:46 45 45 45 45 46 46 46 45 46 46 45 45 45 46 42 46 46 45 46 49 45 46 45 46 47 46 45 43 46 
2012-05-31 18:15:50.955:45 45 46 45 45 45 44 48 46 48 45 46 48 45 46 46 44 45 46 46 43 45 45 46 46 45 45 47 45 44 
2012-05-31 18:30:50.783:46 45 47 46 46 45 46 48 44 46 45 45 45 44 47 45 49 44 43 45 44 46 46 47 45 45 45 46 45 46 
2012-05-31 18:45:50.574:45 45 45 45 46 46 47 48 46 44 44 46 46 46 45 45 46 46 46 46 46 46 44 46 44 48 47 47 45 46 
2012-05-31 19:00:50.373:46 44 46 45 45 46 46 48 47 44 46 46 45 46 47 49 46 45 45 45 43 46 45 46 46 46 47 46 45 46 
2012-05-31 19:15:50.191:46 46 45 46 42 45 45 45 45 45 45 46 45 42 46 45 45 48 45 45 45 42 45 45 45 45 45 46 45 45 
2012-05-31 19:30:49.99:46 45 46 45 46 46 44 46 45 45 45 45 44 46 45 45 45 46 44 46 45 45 45 45 46 46 46 45 46 45 
2012-05-31 19:45:49.795:45 46 46 46 46 45 48 46 46 45 45 45 45 46 44 46 47 41 45 45 44 45 44 45 47 47 46 47 45 45 
2012-05-31 20:00:49.595:45 46 44 46 47 43 45 46 46 41 43 48 46 44 47 45 48 45 46 45 43 44 47 46 47 46 46 46 44 47 
2012-05-31 20:15:49.412:45 45 45 45 44 45 46 47 48 44 46 45 46 46 45 43 46 44 48 45 44 45 46 47 45 45 46 45 46 42 
2012-05-31 20:30:49.214:46 46 46 45 45 45 45 46 45 46 46 47 46 45 48 46 45 46 45 45 46 46 43 46 46 46 45 45 42 46 
2012-05-31 20:45:49.026:48 46 46 46 48 46 48 46 46 46 45 45 46 45 46 46 47 46 46 46 45 47 46 45 42 46 46 45 46 45 
2012-05-31 21:00:48.822:44 46 46 46 46 46 46 46 46 46 46 46 48 45 45 46 47 45 46 45 46 38 44 45 46 46 42 46 48 46 
2012-05-31 21:15:48.639:46 47 46 45 48 46 48 45 46 46 45 54 45 55 43 47 47 45 46 46 45 45 45 46 46 47 48 45 48 45 
2012-05-31 21:30:48.435:43 46 48 46 48 51 46 46 47 45 46 46 45 45 46 46 49 42 44 50 45 45 46 52 49 45 46 45 48 46 
2012-05-31 21:45:48.239:45 46 45 48 46 45 49 46 45 44 44 45 48 48 46 45 45 45 43 46 50 46 48 44 46 45 46 46 45 44 
2012-05-31 22:00:48.044:46 46 45 46 44 46 46 47 46 46 44 46 46 44 45 45 44 46 45 46 45 47 47 46 44 46 47 45 45 44 
2012-05-31 22:15:47.857:45 46 46 45 45 45 45 46 46 46 45 48 46 45 45 45 49 47 45 53 43 45 45 46 45 42 46 46 45 49 
2012-05-31 22:30:47.66:47 46 44 46 45 46 45 46 46 45 45 47 49 46 46 45 45 48 46 46 45 45 45 45 46 46 46 53 47 46 
2012-05-31 22:45:47.469:47 45 45 46 47 46 46 45 46 46 45 47 46 46 46 46 46 46 45 46 46 44 46 45 45 45 46 46 46 45 
2012-05-31 23:00:47.3:47 45 48 42 45 46 44 46 47 46 45 45 49 46 45 46 48 45 46 47 46 45 47 46 45 49 44 53 47 43 
2012-05-31 23:15:47.092:47 45 46 46 47 47 45 45 45 46 46 45 45 46 46 46 46 45 45 36 46 46 46 46 45 45 46 45 45 45 
2012-05-31 23:30:46.903:46 53 45 48 47 47 46 46 48 46 45 46 45 46 45 41 43 44 46 45 46 45 46 45 46 53 47 43 46 47 
2012-05-31 23:45:46.691:42 46 43 46 47 48 45 45 46 45 45 45 47 43 46 45 43 43 48 52 47 45 46 46 49 46 44 44 42 45 
2012-06-01 00:00:46.505:44 47 46 46 47 45 46 47 46 45 46 46 45 45 45 47 46 51 46 45 45 46 48 45 46 42 45 47 44 45 
2012-06-01 00:15:46.301:44 46 45 45 44 45 46 45 46 46 46 45 46 45 47 45 45 48 45 45 42 46 47 41 46 46 45 43 49 46 
2012-06-01 00:30:46.112:44 46 44 46 46 54 44 46 45 44 45 46 46 46 46 44 46 46 45 45 45 45 43 48 45 45 46 45 46 44 
2012-06-01 00:45:45.92:45 46 45 46 44 46 45 46 46 46 46 42 47 46 49 38 46 54 46 45 45 47 45 52 46 46 45 46 47 45 
2012-06-01 01:00:45.721:46 54 46 47 45 45 45 46 44 45 45 44 46 45 46 49 46 46 48 44 45 43 48 45 46 51 45 46 46 48 
2012-06-01 01:15:45.552:46 44 44 45 44 43 45 45 45 44 45 45 45 45 46 45 45 44 47 46 44 44 49 45 45 45 46 47 45 45 
2012-06-01 01:30:45.343:45 46 45 47 45 46 48 45 43 45 46 44 46 46 48 46 45 45 45 46 45 44 46 44 44 46 48 45 46 46 
2012-06-01 01:45:45.147:45 47 46 45 46 46 45 46 47 44 49 47 46 47 46 46 46 46 46 45 46 47 43 46 45 46 45 45 46 46 
2012-06-01 02:00:44.958:47 45 46 42 45 45 46 47 48 43 45 45 45 47 47 45 46 45 43 46 46 46 46 46 46 46 46 45 45 45 
2012-06-01 02:15:44.765:45 45 46 45 45 44 45 46 46 45 45 45 46 46 46 46 45 46 41 44 46 45 50 45 46 47 46 45 45 46 
2012-06-01 02:30:44.568:47 46 46 45 46 46 45 45 46 46 43 46 45 48 46 45 45 48 44 46 46 46 46 45 46 45 45 47 46 46 
2012-06-01 02:45:44.37:46 45 46 46 46 46 47 47 47 45 46 45 45 46 49 42 44 45 46 46 45 42 46 45 46 47 46 46 46 46 
2012-06-01 03:00:44.179:45 48 47 47 45 46 46 46 46 46 47 43 46 44 46 45 46 47 45 46 46 45 48 46 47 46 45 45 46 48 
2012-06-01 03:15:43.984:45 43 44 46 43 47 46 44 46 45 45 46 45 46 47 46 45 46 46 45 46 42 47 49 46 46 46 46 46 45 
2012-06-01 03:30:43.791:45 46 45 46 46 46 43 46 46 45 45 47 44 46 44 45 46 46 45 43 46 46 46 46 46 44 46 46 46 46 
2012-06-01 03:45:43.594:46 43 45 45 46 45 44 45 45 46 48 44 45 48 46 46 45 45 46 46 45 45 46 46 45 46 46 46 49 46 
2012-06-01 04:00:43.405:45 45 47 44 48 46 46 46 49 45 45 44 45 46 45 44 45 45 46 47 43 46 46 49 46 46 45 41 46 51 
2012-06-01 04:15:43.21:44 49 45 46 45 45 46 45 47 43 45 44 45 46 46 45 44 44 47 46 46 47 46 45 49 45 46 45 46 46 
2012-06-01 04:30:43.011:47 50 46 46 44 48 45 40 46 45 45 45 45 46 47 46 44 45 49 42 45 46 46 46 47 51 44 48 45 45 
2012-06-01 04:45:42.823:46 45 46 46 45 45 47 44 45 45 46 43 43 46 46 45 48 47 46 46 45 45 44 44 46 47 45 51 46 43 
2012-06-01 05:00:42.635:45 45 46 46 47 46 46 44 46 45 46 50 46 46 46 42 46 42 47 43 44 46 46 45 45 45 45 44 45 42 
2012-06-01 05:15:42.426:44 45 46 44 45 45 46 44 46 49 45 46 46 46 45 50 45 46 45 46 45 45 46 45 43 46 45 45 46 45 
2012-06-01 05:30:42.235:46 46 45 45 45 45 45 46 45 46 45 45 45 44 45 43 46 46 45 43 46 46 45 46 46 47 45 45 44 44 
2012-06-01 05:45:42.049:46 42 46 44 44 46 45 23 42 46 46 43 45 46 44 45 45 46 45 45 46 46 46 47 45 46 46 45 46 45 
2012-06-01 06:00:41.852:45 47 45 45 45 45 45 46 46 45 45 45 44 49 45 45 46 46 46 45 45 48 46 45 46 45 46 45 45 46 
2012-06-01 06:15:41.656:46 45 46 47 46 46 45 46 47 46 45 45 45 47 45 46 46 47 46 46 45 46 46 46 46 46 48 46 46 49 
2012-06-01 06:30:41.481:45 46 48 46 47 46 46 47 47 44 45 46 45 46 46 45 45 47 45 46 45 45 45 45 48 48 45 45 45 45 
2012-06-01 06:45:41.275:48 46 45 46 46 46 46 45 46 45 46 44 47 48 45 42 45 47 45 45 44 46 46 46 46 46 45 45 45 45 
2012-06-01 07:00:41.077:46 47 48 46 47 46 47 46 45 47 46 47 46 46 47 45 48 46 45 48 46 46 44 46 44 45 47 45 45 46 
2012-06-01 07:15:40.885:45 46 45 44 44 46 43 46 46 47 46 45 46 46 43 47 46 46 46 45 45 45 45 46 44 45 39 34 79 99 
2012-06-01 07:30:40.689:106 113 112 122 117 112 118 115 113 116 117 119 114 115 119 121 116 114 117 114 117 114 119 118 118 114 121 121 118 114 
2012-06-01 07:45:40.496:118 116 117 117 119 113 113 120 117 118 115 116 118 114 117 116 116 113 120 116 116 111 120 119 116 116 112 115 112 111 
2012-06-01 08:00:40.307:117 113 118 116 118 117 116 117 119 115 118 116 119 114 115 118 116 120 116 114 113 119 116 118 118 116 118 114 116 117 
2012-06-01 08:15:40.119:115 117 119 118 115 114 116 117 119 116 117 116 118 113 118 114 116 114 116 116 116 118 114 115 118 112 117 115 116 114 
2012-06-01 08:30:39.923:116 116 116 118 117 119 114 114 118 112 117 118 117 114 118 112 116 117 119 114 115 119 117 118 119 117 119 117 117 114 
2012-06-01 08:45:39.729:115 119 117 113 120 119 117 118 115 114 114 119 117 114 118 114 114 112 119 115 117 115 116 115 117 112 115 115 116 115 
2012-06-01 09:00:39.548:118 119 117 116 114 118 120 113 115 117 117 121 118 114 118 118 117 115 114 116 116 112 119 115 116 114 116 117 115 113 
2012-06-01 09:15:39.355:117 116 115 118 116 117 117 116 118 118 117 118 114 114 116 121 114 115 118 116 116 115 117 118 114 115 115 117 116 119 
2012-06-01 09:30:39.139:114 121 114 119 116 114 115 118 119 117 117 118 119 114 116 119 116 118 119 117 114 116 117 116 116 118 116 118 117 116 
2012-06-01 09:45:38.942:118 114 117 117 116 118 115 115 116 116 114 115 115 115 113 118 119 117 110 117 116 115 116 119 123 117 116 113 117 115 
2012-06-01 10:00:38.755:113 115 116 118 117 117 116 119 115 119 116 118 116 116 119 115 116 119 118 116 116 117 116 114 115 120 115 116 116 115 
2012-06-01 10:15:38.553:114 117 114 115 118 117 118 116 116 114 116 115 111 112 115 118 111 116 115 115 115 115 114 116 112 113 113 115 115 114 
2012-06-01 10:30:38.36:122 113 118 111 116 117 117 113 116 117 118 117 117 112 115 140 136 140 142 139 145 140 141 140 143 138 106 110 107 110 
2012-06-01 10:45:38.168:113 109 108 109 108 109 107 107 109 104 108 112 109 110 110 107 111 109 109 107 111 110 111 110 111 108 109 109 108 113 
2012-06-01 11:00:37.985:112 110 107 110 107 114 109 113 107 111 84 109 111 108 109 115 108 108 107 108 108 108 111 110 112 107 109 110 112 111 
2012-06-01 11:15:37.786:107 109 111 111 110 110 110 111 107 108 113 112 112 107 111 110 108 109 109 109 111 110 107 110 109 108 109 111 113 107 
2012-06-01 11:30:37.596:108 109 110 109 112 108 109 110 111 110 107 112 108 107 108 110 112 109 109 110 111 108 106 112 103 86 108 108 111 108 
2012-06-01 11:45:37.396:110 108 108 110 108 104 109 111 109 109 109 110 111 110 111 113 109 113 108 110 112 113 108 110 108 110 109 111 110 111 
2012-06-01 12:00:37.198:108 112 110 111 111 112 110 110 109 111 109 111 108 107 109 108 108 107 108 107 111 113 107 109 112 109 112 109 107 109 
2012-06-01 12:15:37.096:110 109 112 112 108 110 107 112 109 108 109 108 108 108 109 111 109 111 109 107 112 108 110 108 107 107 107 110 108 111 
2012-06-01 12:30:36.818:107 107 110 109 111 108 107 108 110 107 114 106 104 110 109 106 111 108 107 112 112 108 107 106 105 110 107 110 107 113 
2012-06-01 12:45:36.623:110 110 111 109 109 108 109 112 109 109 111 112 109 112 110 107 112 112 109 112 109 109 111 111 109 107 112 108 109 107 
2012-06-01 13:00:36.437:110 110 109 111 108 104 108 109 109 111 108 110 108 108 111 109 108 111 109 109 109 112 111 110 109 108 106 110 109 108 
2012-06-01 13:15:36.237:107 108 108 111 107 109 108 111 114 111 106 112 111 109 111 112 111 109 109 109 107 114 108 111 104 113 110 110 110 111 
2012-06-01 13:30:36.038:108 109 111 110 110 110 108 111 108 110 108 108 109 112 112 111 109 111 109 108 109 114 109 106 109 110 109 110 108 108 
2012-06-01 13:45:35.873:109 105 109 107 110 110 112 107 113 110 110 110 111 108 112 111 109 110 111 111 105 111 115 112 110 108 111 109 110 112 
2012-06-01 14:00:35.658:111 108 110 110 108 114 111 112 109 108 109 112 111 110 108 108 108 108 108 109 107 110 109 110 112 108 111 109 107 111 
2012-06-01 14:15:35.458:106 106 109 108 108 104 109 105 101 2 0 4 1 1 3 2 2 1 1 2 2 3 0 1 1 1 1 0 2 2 
2012-06-01 14:30:35.31:0 1 4 3 0 2 1 1 1 1 2 0 2 1 2 1 1 1 2 1 1 1 2 2 2 6 2 1 9 3 
2012-06-01 14:45:35.07:1 0 2 1 2 1 1 0 2 2 2 1 1 2 1 1 0 2 1 2 1 2 1 4 1 1 1 1 2 1 
2012-06-01 15:00:34.899:0 0 2 2 1 1 1 3 0 1 1 1 2 1 3 3 4 1 4 0 0 2 3 2 4 1 2 1 0 2 
2012-06-01 15:15:34.69:4 3 0 2 0 3 1 4 2 3 2 0 1 1 2 0 1 2 1 1 1 1 0 1 3 0 1 0 1 0 
2012-06-01 15:30:34.487:3 1 0 1 1 1 2 3 1 1 1 2 4 3 4 1 4 3 1 4 1 1 2 0 0 4 1 1 1 0 
2012-06-01 15:45:34.303:1 2 1 0 1 2 0 1 2 1 1 0 3 0 0 1 1 1 3 1 3 0 3 1 3 1 2 1 2 2 
2012-06-01 16:00:34.1:2 1 3 2 3 1 2 79 89 93 100 107 106 106 90 109 107 109 107 109 109 2 2 1 2 1 0 1 2 2 
2012-06-01 16:15:33.933:0 1 1 2 0 1 2 2 2 1 1 1 1 1 3 2 1 1 1 2 0 1 0 1 2 2 0 1 0 1 
2012-06-01 16:30:33.718:0 1 1 1 3 1 2 1 1 1 2 5 2 1 1 1 2 2 1 0 3 1 0 1 2 2 2 7 1 1 
2012-06-01 16:45:33.522:1 4 2 0 2 2 1 3 1 0 2 1 1 1 1 1 1 1 2 2 2 1 1 1 1 2 1 6 1 1 
2012-06-01 17:00:33.328:0 1 0 0 1 2 1 1 1 1 2 1 2 2 1 1 2 2 1 2 2 1 1 1 1 0 1 1 1 1 
2012-06-01 17:15:33.136:2 2 1 1 4 1 1 1 2 1 2 2 2 1 2 2 1 1 2 1 2 1 1 2 1 1 1 1 0 1 
2012-06-01 17:30:32.938:1 1 2 1 2 1 1 1 2 1 1 1 2 1 3 1 1 1 2 1 3 1 1 1 0 1 1 1 1 0 
2012-06-01 17:45:32.746:2 1 3 1 1 1 1 1 0 1 2 2 2 2 1 1 2 1 0 1 1 1 1 1 4 1 2 1 2 1 
2012-06-01 18:00:32.563:2 1 2 1 2 1 0 1 0 1 0 2 2 0 0 1 0 1 0 2 0 1 2 1 2 1 2 1 1 1 
2012-06-01 18:15:32.359:0 2 0 1 2 1 0 1 2 1 0 1 2 1 1 2 1 1 1 1 2 1 2 1 2 1 2 1 1 2 
2012-06-01 18:30:32.163:3 1 1 1 2 1 1 2 1 0 1 0 2 1 1 2 1 2 1 2 1 1 0 1 1 1 2 1 1 2 
2012-06-01 18:45:31.974:1 2 2 1 0 1 1 1 0 1 1 1 0 2 1 1 1 2 1 2 1 1 2 2 1 1 2 1 1 1 
2012-06-01 19:00:31.781:0 1 4 2 1 1 2 1 2 1 1 1 2 1 1 2 4 1 1 1 2 1 1 1 0 1 1 2 4 2 
2012-06-01 19:15:31.586:0 2 5 1 1 2 1 1 1 1 0 0 0 2 1 1 0 1 1 2 1 2 1 1 1 0 1 1 0 2 
2012-06-01 19:30:31.399:1 2 1 1 1 2 2 1 2 1 4 2 4 0 1 1 1 1 0 0 1 0 0 1 3 2 2 1 1 1 
2012-06-01 19:45:31.204:0 2 2 1 1 1 0 0 2 1 0 2 1 2 1 1 2 2 1 2 1 2 1 1 3 1 1 1 0 2 
2012-06-01 20:00:31.004:0 1 2 1 1 1 2 1 3 2 1 1 1 1 1 1 2 1 2 1 0 1 1 2 1 1 2 1 2 1 
2012-06-01 20:15:30.808:1 1 0 1 1 1 3 1 0 2 1 2 2 2 2 1 3 2 1 2 0 1 1 2 1 1 2 1 2 2 
2012-06-01 20:30:30.625:0 2 1 1 1 6 2 1 1 1 2 1 1 2 1 1 3 0 0 1 4 1 2 0 2 1 1 1 2 1 
2012-06-01 20:45:30.422:1 1 1 1 1 0 2 5 0 6 3 2 1 1 2 0 1 1 2 1 2 0 1 1 2 2 1 1 4 1 
2012-06-01 21:00:30.231:2 1 0 2 0 2 0 1 1 0 0 2 0 1 1 4 1 3 1 1 3 2 1 1 0 2 1 2 2 1 
2012-06-01 21:15:30.036:2 1 1 1 1 1 1 1 2 1 2 1 1 0 2 2 0 1 0 1 4 2 1 2 1 1 1 1 1 4 
2012-06-01 21:30:29.85:2 1 1 2 2 1 2 1 2 1 1 2 2 1 2 4 0 2 1 0 2 1 0 1 0 0 1 1 1 0 
2012-06-01 21:45:29.662:4 1 1 0 1 2 1 2 2 1 1 1 2 6 1 1 3 1 2 1 1 0 1 1 1 2 2 0 2 0 
2012-06-01 22:00:29.462:1 1 2 1 0 1 1 1 2 1 2 0 3 1 1 1 2 4 0 2 2 1 2 0 1 2 1 1 4 6 
2012-06-01 22:15:29.27:2 1 1 2 1 1 0 1 1 2 2 1 1 1 0 2 1 1 1 2 1 1 1 1 2 1 1 2 3 1 
2012-06-01 22:30:29.074:0 2 0 2 2 2 0 2 2 1 0 1 0 1 1 4 1 1 0 1 1 0 2 2 4 0 4 0 1 5 
2012-06-01 22:45:28.875:1 1 3 0 0 2 1 1 2 1 1 0 0 1 2 1 1 1 1 1 0 1 1 1 1 1 4 0 4 1 
2012-06-01 23:00:28.685:1 2 0 3 1 1 1 1 3 1 1 1 1 1 0 4 2 3 1 0 0 0 2 2 1 6 2 1 1 1 
2012-06-01 23:15:28.491:2 1 1 2 1 1 1 1 1 1 1 2 1 1 1 3 4 2 1 4 0 3 3 1 0 1 1 1 2 3 
2012-06-01 23:30:28.297:1 1 0 2 1 2 2 1 1 1 2 1 2 1 2 1 0 2 1 1 2 1 0 0 1 1 2 1 1 1 
2012-06-01 23:45:28.098:3 1 1 2 2 1 2 1 1 1 2 1 3 1 2 1 3 2 2 1 1 2 2 1 0 1 1 1 1 1 
2012-06-02 00:00:27.906:1 0 1 1 1 2 2 1 2 2 1 1 1 2 0 2 0 1 1 1 3 1 1 1 1 1 1 1 4 1 
2012-06-02 00:15:27.71:1 1 2 2 2 2 0 1 1 2 3 1 2 1 2 1 0 1 1 1 3 1 1 2 2 1 4 1 3 1 
2012-06-02 00:30:27.52:1 1 3 1 1 1 1 1 1 2 1 2 1 2 1 1 0 1 1 3 2 6 1 1 2 2 2 1 1 1 
2012-06-02 00:45:27.334:0 1 2 1 1 1 2 1 3 1 1 1 1 1 0 1 1 2 1 1 4 1 1 1 2 1 1 1 1 1 
2012-06-02 01:00:27.136:4 1 1 1 0 1 0 1 4 1 2 2 0 1 2 1 1 1 2 0 1 2 2 1 0 2 1 1 1 1 
2012-06-02 01:15:26.968:2 1 0 1 1 2 1 0 1 2 0 1 2 1 2 1 3 1 0 2 3 1 2 2 1 0 4 1 2 1 
2012-06-02 01:30:26.752:0 1 0 2 3 1 1 2 1 1 1 1 2 2 1 1 1 2 1 1 0 1 5 1 1 1 1 2 1 2 
2012-06-02 01:45:26.556:4 1 1 1 0 1 6 1 1 1 2 0 2 1 0 1 1 2 2 0 1 1 0 1 3 1 1 1 1 1 
2012-06-02 02:00:26.386:1 2 0 2 3 0 1 0 2 1 2 0 1 0 1 1 1 1 1 2 1 1 1 1 4 3 0 2 1 1 
2012-06-02 02:15:26.187:1 2 0 2 1 1 1 1 1 1 0 4 0 1 3 1 2 2 7 1 1 2 1 0 2 0 4 2 5 3 
2012-06-02 02:30:25.978:1 1 0 2 2 1 1 2 1 2 1 3 2 0 4 2 7 1 3 1 2 1 2 0 1 1 1 1 1 1 
2012-06-02 02:45:25.777:2 1 1 1 1 1 2 2 2 2 1 2 2 1 3 1 3 1 1 1 2 2 1 1 0 1 2 1 0 2 
2012-06-02 03:00:25.609:0 0 1 1 1 1 0 1 1 2 1 3 2 1 2 1 0 1 1 1 0 0 1 2 1 2 2 2 1 1 
2012-06-02 03:15:25.399:0 1 0 0 1 2 2 1 1 1 2 2 1 0 1 1 1 3 1 2 0 1 0 1 4 1 3 0 3 1 
2012-06-02 03:30:25.203:1 2 2 0 1 1 0 1 2 1 1 1 1 3 1 1 1 1 1 1 2 1 3 2 1 1 0 1 4 1 
2012-06-02 03:45:25.01:2 1 0 1 1 1 1 1 2 1 1 1 0 0 0 2 0 2 0 0 2 2 0 10 1 2 2 2 2 0 
2012-06-02 04:00:24.811:1 1 1 2 1 8 0 1 3 0 0 1 2 1 1 1 2 1 1 2 2 1 1 1 1 1 3 0 2 3 
2012-06-02 04:15:24.622:1 1 0 2 2 1 4 1 1 2 1 1 2 3 1 1 2 0 1 2 1 10 1 0 0 1 0 0 0 1 
2012-06-02 04:30:24.419:1 1 1 1 1 2 1 1 0 2 1 1 1 2 1 1 0 2 1 1 2 1 1 1 1 1 1 0 1 0 
2012-06-02 04:45:24.231:1 2 2 1 1 1 0 1 2 2 2 1 1 1 1 3 2 1 1 1 1 10 0 2 1 1 1 2 2 2 
2012-06-02 05:00:24.033:1 1 1 2 1 0 2 2 1 0 2 0 1 2 0 0 1 1 6 1 1 2 1 0 2 2 1 5 2 0 
2012-06-02 05:15:23.844:2 1 5 2 1 1 0 2 6 1 0 1 1 1 1 1 1 0 2 0 1 1 1 1 2 1 1 1 3 1 
2012-06-02 05:30:23.654:1 1 1 0 0 1 1 2 0 1 1 1 0 0 1 4 1 1 2 2 2 1 2 1 1 2 2 2 0 1 
2012-06-02 05:45:23.47:1 1 2 1 1 0 1 1 2 1 1 1 1 4 2 3 1 1 1 0 1 0 1 1 1 1 1 2 1 1 
2012-06-02 06:00:23.267:2 1 2 1 3 2 1 2 2 0 1 0 1 1 4 0 1 1 1 0 1 1 1 1 1 0 1 1 1 2 
2012-06-02 06:15:23.067:1 1 0 0 1 2 1 2 2 1 2 1 1 1 1 1 1 1 1 1 4 1 2 2 1 1 0 1 2 1 
2012-06-02 06:30:22.875:1 2 1 1 1 2 1 1 3 1 1 0 1 2 1 0 1 3 1 1 1 0 1 1 0 1 0 1 4 1 
2012-06-02 06:45:22.695:1 1 0 1 1 2 1 1 3 1 2 1 1 2 1 2 1 1 2 1 1 0 2 2 1 4 1 1 1 0 
2012-06-02 07:00:22.488:2 2 1 0 1 1 0 3 2 1 2 1 2 0 2 1 1 2 1 2 1 1 2 2 2 1 2 2 1 3 
2012-06-02 07:15:22.294:1 2 2 0 1 2 1 1 1 2 1 0 1 1 0 1 2 1 1 1 2 2 2 1 2 1 2 2 1 1 
2012-06-02 07:30:22.114:1 1 0 2 0 1 0 0 4 1 2 2 2 2 2 1 1 3 1 2 1 0 1 1 1 0 8 2 1 0 
2012-06-02 07:45:21.913:1 2 1 1 0 2 2 4 2 1 1 0 1 2 2 1 2 2 1 1 1 1 1 1 0 1 2 4 1 2 
2012-06-02 08:00:21.717:2 2 1 1 1 2 2 0 1 1 1 2 2 1 0 2 1 2 1 3 2 1 1 2 2 2 1 0 1 1 
2012-06-02 08:15:21.521:1 1 1 1 1 2 1 0 0 3 2 1 10 2 2 1 1 0 1 3 9 0 5 1 2 1 2 2 2 1 
2012-06-02 08:30:21.331:1 1 2 0 0 3 8 2 0 1 0 3 6 1 1 0 1 1 2 3 1 3 2 0 3 2 0 3 2 2 
2012-06-02 08:45:21.135:1 1 2 1 1 0 0 1 2 2 1 2 1 1 2 1 3 1 1 2 0 2 1 1 1 3 1 3 1 1 
2012-06-02 09:00:20.94:0 2 1 2 2 1 2 1 1 1 1 2 2 1 0 2 2 1 3 2 2 1 1 1 1 1 7 0 1 1 
2012-06-02 09:15:20.776:1 1 0 1 1 0 1 0 2 3 1 2 1 0 1 1 0 2 1 4 1 4 1 0 2 1 1 2 4 1 
2012-06-02 09:30:20.562:1 2 1 0 1 3 1 2 1 3 1 1 2 2 1 1 1 1 2 1 2 0 3 1 2 1 0 2 2 1 
2012-06-02 09:45:20.352:0 2 2 1 1 1 2 1 0 2 1 2 1 2 1 2 0 3 1 2 2 1 1 1 1 0 0 2 1 1 
2012-06-02 10:00:20.163:0 1 1 1 0 3 1 1 2 1 0 1 2 1 3 0 2 0 1 1 1 3 2 2 2 0 2 1 1 1 
2012-06-02 10:15:19.974:2 1 1 2 2 1 1 2 2 2 3 0 2 0 0 1 0 1 1 0 0 4 2 1 2 3 1 0 1 1 
2012-06-02 10:30:19.786:1 1 1 1 0 2 1 1 3 1 1 1 3 2 1 3 1 1 2 1 1 1 1 1 1 0 0 1 0 0 
2012-06-02 10:45:19.583:0 1 1 1 0 1 0 0 1 1 2 1 1 1 1 1 2 2 1 2 1 2 1 1 1 1 0 3 1 0 
2012-06-02 11:00:19.399:6 0 2 1 1 2 2 0 1 2 1 1 2 1 1 1 1 1 1 1 1 1 2 0 1 1 2 2 2 1 
2012-06-02 11:15:19.197:1 2 1 0 1 0 1 0 2 2 1 2 1 1 1 1 1 2 2 2 1 1 1 1 2 1 1 1 1 2 
2012-06-02 11:30:19.014:2 1 2 2 1 1 2 1 1 2 2 2 1 1 1 1 1 2 1 0 1 2 1 3 1 1 2 2 1 2 
2012-06-02 11:45:18.814:1 1 1 2 1 1 1 2 1 1 1 1 1 1 2 1 1 1 1 2 1 1 1 2 1 0 1 2 0 2 
2012-06-02 12:00:18.617:1 0 2 1 1 2 1 1 2 1 1 1 1 2 1 1 1 2 1 0 1 2 2 1 1 1 1 0 1 2 
2012-06-02 12:15:18.428:2 2 2 1 2 0 1 1 1 1 1 2 1 1 2 0 1 2 1 1 2 1 1 0 1 1 2 3 2 1 
2012-06-02 12:30:18.232:2 2 1 1 2 2 2 1 1 0 1 1 1 2 1 3 1 1 2 1 1 1 2 1 2 0 2 1 1 1 
2012-06-02 12:45:18.04:1 4 1 1 2 0 1 2 1 1 2 1 2 1 1 2 1 3 2 2 1 1 1 0 1 1 1 1 1 2 
2012-06-02 13:00:17.836:1 1 1 0 2 1 1 1 2 1 1 1 1 1 1 1 1 2 1 1 1 0 1 0 1 1 1 1 1 1 
2012-06-02 13:15:17.652:1 1 2 2 1 2 1 2 0 2 2 0 1 1 2 1 1 1 1 1 1 0 1 2 2 1 1 1 1 0 
2012-06-02 13:30:17.457:1 2 2 1 2 1 1 1 1 1 1 1 1 1 1 2 2 1 2 1 1 1 1 1 1 1 2 1 1 1 
2012-06-02 13:45:17.28:1 0 2 1 2 2 2 2 2 73 74 83 92 73 103 109 107 109 107 112 1 1 1 3 2 0 2 1 1 1 
2012-06-02 14:00:17.071:3 0 1 1 2 4 0 3 1 1 1 4 0 0 1 3 0 1 1 0 2 2 2 1 2 1 1 1 1 1 
2012-06-02 14:15:16.874:1 1 0 1 3 1 1 2 1 2 2 1 2 1 2 1 1 2 1 1 1 1 1 1 1 3 1 2 1 3 
2012-06-02 14:30:16.684:1 1 1 1 1 2 1 1 2 1 1 0 2 0 0 1 2 1 0 1 2 1 1 3 2 0 2 1 0 2 
2012-06-02 14:45:16.49:2 0 1 1 1 1 0 2 1 1 2 0 2 3 1 0 1 1 0 1 2 1 1 1 2 2 1 1 1 0 
2012-06-02 15:00:16.295:2 1 2 2 1 2 0 0 1 4 1 0 0 1 0 1 1 1 0 0 1 1 3 1 3 2 1 1 1 1 
2012-06-02 15:15:16.122:0 4 1 2 2 1 1 0 1 4 2 1 1 2 1 1 1 1 1 0 1 1 1 0 1 1 3 1 0 2 
2012-06-02 15:30:15.93:1 1 1 1 1 2 1 2 1 0 2 1 2 2 2 2 3 0 0 1 1 1 8 1 0 1 2 1 1 1 
2012-06-02 15:45:15.718:1 0 0 1 0 1 1 2 2 2 1 1 7 1 1 1 10 0 0 1 1 1 1 1 3 2 1 1 2 1 
2012-06-02 16:00:15.521:2 1 1 2 1 1 0 2 1 1 2 1 0 2 1 1 1 2 1 1 0 2 1 1 1 2 3 1 2 1 
2012-06-02 16:15:15.332:1 1 0 1 0 1 4 2 1 0 1 2 0 1 0 1 1 1 1 1 1 2 1 1 1 1 2 1 3 1 
2012-06-02 16:30:15.141:1 1 0 2 4 1 1 2 1 2 0 1 1 1 2 1 2 1 1 2 3 2 0 1 2 1 2 2 1 1 
2012-06-02 16:45:14.944:1 1 2 1 1 1 1 2 1 0 1 1 1 1 3 0 1 1 1 2 0 1 0 1 1 2 0 1 1 1 
2012-06-02 17:00:14.742:0 1 1 1 0 1 1 1 1 1 0 1 2 2 4 2 1 1 1 2 2 1 1 2 4 2 1 2 2 1 
2012-06-02 17:15:14.577:4 2 0 1 0 1 1 1 1 1 1 1 2 2 1 1 1 2 1 2 77 86 93 100 104 105 107 108 107 109 
2012-06-02 17:30:14.36:110 110 107 109 111 107 110 110 111 106 108 108 112 107 109 111 108 109 108 109 109 111 111 111 110 109 110 110 110 109 
2012-06-02 17:45:14.161:109 112 106 110 106 109 106 112 111 107 107 114 111 101 112 111 111 110 111 106 112 110 108 112 110 110 109 109 110 108 
2012-06-02 18:00:13.966:107 112 109 110 112 109 108 109 109 107 109 108 107 110 109 110 109 110 111 107 105 105 108 107 112 110 111 109 108 108 
2012-06-02 18:15:13.775:109 109 109 111 111 110 107 108 109 111 109 108 99 110 87 108 111 111 110 109 108 109 113 109 109 108 109 109 111 107 
2012-06-02 18:30:13.586:112 107 112 110 108 110 110 108 110 112 112 109 111 106 107 109 109 110 109 112 109 108 108 110 107 110 108 110 112 108 
2012-06-02 18:45:13.4:110 104 111 115 106 110 108 109 108 110 110 108 107 109 109 110 107 112 111 111 108 107 108 112 113 110 111 111 110 109 
2012-06-02 19:00:13.21:108 108 109 105 111 108 109 109 110 109 107 108 107 112 110 109 109 112 109 110 111 108 108 110 111 108 109 108 110 108 
2012-06-02 19:15:13.009:113 105 109 112 110 109 109 107 112 110 110 109 109 111 107 108 108 112 109 109 107 110 110 107 111 109 110 110 110 109 
2012-06-02 19:30:12.81:110 109 112 107 109 107 108 108 107 112 109 109 108 108 108 110 109 109 110 109 108 111 107 110 110 111 112 105 107 110 
2012-06-02 19:45:12.62:109 109 111 108 109 109 112 110 106 109 109 109 111 108 109 112 109 112 109 107 108 110 109 110 112 112 110 110 109 110 
2012-06-02 20:00:12.46:108 107 105 110 110 111 111 111 107 112 112 105 108 109 108 108 111 108 107 108 109 106 111 107 110 109 107 109 108 108 
2012-06-02 20:15:12.247:109 106 106 111 107 106 110 111 108 107 108 109 108 111 112 113 113 111 107 110 107 109 109 112 110 111 109 109 110 109 
2012-06-02 20:30:12.042:111 110 108 111 109 108 108 114 109 113 107 111 109 110 108 110 108 107 112 109 111 111 112 108 111 111 109 110 106 111 
2012-06-02 20:45:11.845:108 111 112 111 109 108 108 108 110 109 112 116 109 109 109 111 107 108 108 110 106 109 111 109 111 112 110 110 108 107 
2012-06-02 21:00:11.656:107 110 110 110 108 109 109 108 106 114 112 111 112 108 108 109 110 110 109 110 106 107 107 108 113 107 110 112 107 108 
2012-06-02 21:15:11.459:110 110 110 106 106 106 110 108 108 115 110 107 106 106 111 112 112 107 113 113 111 112 109 111 111 108 108 111 110 107 
2012-06-02 21:30:11.27:108 107 109 107 109 109 111 106 109 108 109 112 108 109 110 107 107 109 108 106 107 107 108 109 108 109 108 108 109 108 
2012-06-02 21:45:11.066:107 107 108 107 110 108 114 107 108 107 109 108 108 110 109 106 110 109 109 108 106 108 111 103 107 111 111 109 109 110 
2012-06-02 22:00:10.876:112 106 115 110 109 111 111 111 108 110 109 110 108 110 107 108 106 110 112 111 110 109 107 110 109 109 107 108 113 107 
2012-06-02 22:15:10.679:107 106 104 111 108 109 110 109 107 110 111 109 109 108 107 109 112 110 110 112 109 108 109 109 110 112 109 108 107 112 
2012-06-02 22:30:10.492:109 107 112 109 107 109 109 110 111 109 109 110 111 111 108 111 108 114 110 107 109 111 108 111 108 112 106 107 111 110 
2012-06-02 22:45:10.296:110 108 112 109 109 111 109 111 110 109 109 110 110 108 110 110 109 104 110 104 110 107 110 110 108 104 110 106 111 107 
2012-06-02 23:00:10.101:106 108 113 107 108 108 110 108 109 113 114 112 112 111 108 112 109 108 110 107 109 110 113 108 107 106 111 111 111 108 
2012-06-02 23:15:09.909:108 105 109 109 108 109 110 109 111 108 108 111 108 105 108 108 110 109 109 109 111 105 107 108 107 110 109 111 110 110 
2012-06-02 23:30:09.718:110 107 107 107 104 108 106 110 111 107 109 108 111 107 106 107 108 109 112 110 111 107 110 107 111 110 110 110 111 107 
2012-06-02 23:45:09.527:110 109 109 110 113 112 111 107 109 110 109 112 109 106 107 110 108 108 109 108 110 110 111 110 109 107 108 112 106 109 
2012-06-03 00:00:09.33:112 109 114 108 111 107 110 111 110 109 109 111 107 110 107 108 109 111 113 111 107 107 110 110 111 107 110 109 110 109 
2012-06-03 00:15:09.138:115 107 107 110 107 109 109 109 113 109 106 109 105 112 109 108 108 109 107 107 107 108 109 110 112 112 107 107 108 110 
2012-06-03 00:30:08.955:110 109 113 107 103 107 108 111 107 111 108 110 112 108 108 111 112 112 108 110 107 109 113 109 111 109 111 109 110 106 
2012-06-03 00:45:08.746:108 107 110 111 110 110 109 110 108 108 109 111 113 105 112 109 108 108 108 110 108 111 109 108 112 107 108 109 108 111 
2012-06-03 01:00:08.552:108 110 110 109 108 112 110 111 109 111 108 109 109 111 110 110 107 107 109 108 110 107 107 109 111 110 108 112 107 109 
2012-06-03 01:15:08.356:111 108 109 113 111 111 111 108 108 108 106 110 110 111 109 112 112 112 106 110 109 109 107 108 112 108 108 110 109 110 
2012-06-03 01:30:08.184:109 110 107 107 110 113 109 107 107 111 110 109 107 112 109 110 110 109 110 107 109 109 111 106 110 109 115 110 110 111 
2012-06-03 01:45:07.972:107 113 111 112 107 107 108 104 111 108 109 114 111 106 112 109 106 109 110 107 110 109 111 110 108 112 110 108 109 108 
2012-06-03 02:00:07.811:111 107 109 111 108 108 111 106 108 112 112 111 107 111 112 110 108 108 111 111 112 111 112 108 112 111 110 107 104 110 
2012-06-03 02:15:07.588:113 107 106 109 113 109 109 108 112 110 109 112 109 107 108 106 110 111 109 105 110 110 107 109 109 111 107 107 107 108 
2012-06-03 02:30:07.391:111 112 108 111 110 108 108 109 111 108 108 112 109 109 110 110 109 110 110 108 109 111 111 110 108 108 112 108 107 110 
2012-06-03 02:45:07.2:110 110 111 110 109 110 109 108 109 110 112 109 110 109 106 108 109 109 106 109 109 109 110 110 109 110 109 112 109 109 
2012-06-03 03:00:07.011:107 110 106 109 110 110 109 108 109 110 107 112 109 108 110 110 108 111 111 108 112 111 111 110 111 107 112 107 108 113 
2012-06-03 03:15:06.812:109 111 112 112 109 110 109 111 108 109 106 111 111 109 109 108 107 107 108 112 109 107 107 109 110 109 112 109 107 111 
2012-06-03 03:30:06.623:108 111 109 109 109 112 110 110 109 110 108 111 110 111 109 112 109 109 108 110 110 108 108 110 109 107 107 107 109 109 
2012-06-03 03:45:06.424:110 106 110 103 109 106 107 106 108 112 109 110 110 109 110 111 109 108 110 107 113 108 107 107 108 110 110 107 108 110 
2012-06-03 04:00:06.246:109 112 112 112 111 107 109 109 106 109 110 109 110 109 109 111 108 108 110 110 107 110 108 111 111 112 111 108 107 112 
2012-06-03 04:15:06.061:108 107 108 109 108 113 109 109 111 113 113 109 110 109 107 106 109 109 109 107 108 110 111 113 108 111 107 112 109 110 
2012-06-03 04:30:05.853:109 107 111 108 107 109 111 103 111 107 111 106 110 109 109 107 110 108 110 108 112 106 108 105 110 108 110 112 107 106 
2012-06-03 04:45:05.655:107 112 109 109 110 110 110 108 112 110 110 112 112 108 108 110 110 110 112 110 107 111 109 109 106 110 106 108 106 109 
2012-06-03 05:00:05.458:107 111 110 109 109 106 110 109 110 111 110 109 112 111 109 110 109 111 111 110 113 109 108 108 110 106 107 109 108 107 
2012-06-03 05:15:05.266:111 109 108 108 107 112 106 108 111 107 109 107 110 108 112 110 109 108 109 107 107 112 106 111 107 108 107 108 110 111 
2012-06-03 05:30:05.073:111 109 109 109 108 107 108 111 108 110 108 111 110 109 109 112 106 109 108 107 110 109 107 111 111 112 108 111 108 110 
2012-06-03 05:45:04.884:110 109 108 112 110 109 110 109 110 108 112 108 112 111 112 107 108 110 108 107 110 106 108 109 111 110 110 109 108 109 
2012-06-03 06:00:04.678:111 113 107 109 108 108 104 109 108 108 110 111 109 110 111 107 111 108 106 105 108 112 106 111 108 110 107 109 111 108 
2012-06-03 06:15:04.484:112 108 107 109 107 107 105 110 108 110 110 106 107 110 109 107 110 109 108 110 110 109 107 109 107 108 110 108 111 109 
2012-06-03 06:30:04.292:109 109 111 110 111 112 110 111 108 109 109 106 112 112 108 110 113 111 109 110 107 107 107 110 107 110 110 108 105 110 
2012-06-03 06:45:04.106:108 105 107 111 109 107 108 109 110 107 111 111 112 108 110 112 110 108 109 107 110 107 112 110 111 106 109 107 105 105 
2012-06-03 07:00:03.911:108 107 111 109 107 109 112 107 107 111 111 108 111 112 109 113 108 109 106 107 109 107 110 111 110 108 110 110 106 110 
2012-06-03 07:15:03.719:109 109 109 109 109 108 107 111 112 109 109 110 108 107 109 108 109 109 109 106 110 111 111 108 108 107 110 110 112 109 
2012-06-03 07:30:03.52:109 110 109 110 107 108 109 109 110 107 108 112 108 108 110 111 107 109 112 110 109 108 113 107 108 106 109 109 107 108 
2012-06-03 07:45:03.327:108 110 108 107 111 112 108 107 109 112 112 109 108 110 108 109 109 107 108 110 109 108 110 108 108 109 110 110 108 111 
2012-06-03 08:00:03.14:111 110 112 112 109 109 112 107 108 107 109 111 108 108 109 108 108 112 106 111 111 108 107 107 112 111 110 110 108 106 
2012-06-03 08:15:02.936:112 112 111 110 110 109 111 107 109 109 109 115 111 112 108 112 112 107 107 106 109 112 111 111 104 110 112 107 111 109 
2012-06-03 08:30:02.745:110 109 110 114 108 115 112 113 109 109 111 107 108 102 112 111 111 108 110 110 110 109 110 112 106 110 111 108 109 107 
2012-06-03 08:45:02.554:107 110 111 115 109 113 110 108 105 110 110 111 105 110 109 108 112 111 111 108 107 107 107 110 107 106 112 111 111 108 
2012-06-03 09:00:02.364:111 109 111 110 109 110 106 110 107 107 108 109 110 109 111 109 107 109 111 109 110 111 106 110 107 109 110 106 111 101 
2012-06-03 09:15:02.173:109 109 110 107 104 108 110 110 109 108 107 111 110 111 107 111 106 112 108 108 108 109 111 109 110 108 107 111 109 107 
